1734268015106 0.13961605584642234 5
1734268061287 0.2792321116928447 10
1734268107455 0.418848167539267 15
1734268153643 0.5584642233856894 20
1734268199840 0.6980802792321117 25
1734268245989 0.837696335078534 30
1734268292122 0.9773123909249564 35
1734268339734 1.1361256544502618 40
1734268386064 1.2757417102966842 45
1734268432208 1.4153577661431065 50
1734268478320 1.5549738219895288 55
1734268524464 1.6945898778359512 60
1734268570611 1.8342059336823735 65
1734268616734 1.9738219895287958 70
1734268663551 2.1326352530541013 75
1734268709699 2.2722513089005236 80
1734268755837 2.411867364746946 85
1734268801968 2.5514834205933683 90
1734268848109 2.6910994764397906 95
1734268894260 2.830715532286213 100
1734268940381 2.9703315881326353 105
1734268987140 3.1291448516579408 110
1734269033285 3.268760907504363 115
1734269079441 3.4083769633507854 120
1734269125586 3.5479930191972078 125
1734269171738 3.68760907504363 130
1734269218055 3.8272251308900525 135
1734269264198 3.966841186736475 140
1734269311028 4.12565445026178 145
1734269357179 4.265270506108203 150
1734269403335 4.4048865619546245 155
1734269449464 4.544502617801047 160
1734269495616 4.684118673647469 165
1734269541774 4.823734729493892 170
1734269587911 4.963350785340314 175
1734269634665 5.12216404886562 180
1734269680818 5.261780104712042 185
1734269726954 5.401396160558464 190
1734269773306 5.541012216404886 195
1734269819466 5.680628272251309 200
1734269820556 5.680628272251309 200
