1734268015106 1.655708909034729 5
1734268061287 1.8669215440750122 10
1734268107455 1.1642743349075317 15
1734268153643 0.9823040962219238 20
1734268199840 0.7767981886863708 25
1734268245989 0.7096096277236938 30
1734268292122 0.7136552929878235 35
1734268339734 0.7821065783500671 40
1734268386064 0.71712327003479 45
1734268432208 0.6429523229598999 50
1734268478320 0.6151735782623291 55
1734268524464 0.6637559533119202 60
1734268570611 0.6304176449775696 65
1734268616734 0.6119595170021057 70
1734268663551 0.6704355478286743 75
1734268709699 0.6417160034179688 80
1734268755837 0.6573274731636047 85
1734268801968 0.6852667331695557 90
1734268848109 0.6673797965049744 95
1734268894260 0.6557821035385132 100
1734268940381 0.6672763824462891 105
1734268987140 0.6399270296096802 110
1734269033285 0.6608500480651855 115
1734269079441 0.6692235469818115 120
1734269125586 0.7666663527488708 125
1734269171738 0.7399911880493164 130
1734269218055 0.7412646412849426 135
1734269264198 0.6709197759628296 140
1734269311028 0.754873514175415 145
1734269357179 0.6645275354385376 150
1734269403335 0.7237907648086548 155
1734269449464 0.7413160800933838 160
1734269495616 0.7408173084259033 165
1734269541774 0.7892391681671143 170
1734269587911 0.790950357913971 175
1734269634665 0.739010751247406 180
1734269680818 0.7943691611289978 185
1734269726954 0.7186038494110107 190
1734269773306 0.7923640608787537 195
1734269819466 0.7370222806930542 200
