1734268015106 0.0001996917333733128 5
1734268061287 0.00019876883405951377 10
1734268107455 0.00019723699203976766 15
1734268153643 0.00019510565162951537 20
1734268199840 0.0001923879532511287 25
1734268245989 0.0001891006524188368 30
1734268292122 0.00018526401643540922 35
1734268339734 0.00018090169943749476 40
1734268386064 0.0001760405965600031 45
1734268432208 0.00017071067811865476 50
1734268478320 0.00016494480483301836 55
1734268524464 0.00015877852522924732 60
1734268570611 0.0001522498564715949 65
1734268616734 0.00014539904997395468 70
1734268663551 0.000138268343236509 75
1734268709699 0.00013090169943749476 80
1734268755837 0.00012334453638559057 85
1734268801968 0.0001156434465040231 90
1734268848109 0.0001078459095727845 95
1734268894260 0.0001 100
1734268940381 9.215409042721552e-05 105
1734268987140 8.435655349597689e-05 110
1734269033285 7.66554636144095e-05 115
1734269079441 6.909830056250527e-05 120
1734269125586 6.173165676349103e-05 125
1734269171738 5.4600950026045326e-05 130
1734269218055 4.7750143528405126e-05 135
1734269264198 4.12214747707527e-05 140
1734269311028 3.5055195166981645e-05 145
1734269357179 2.9289321881345254e-05 150
1734269403335 2.3959403439996907e-05 155
1734269449464 1.9098300562505266e-05 160
1734269495616 1.4735983564590783e-05 165
1734269541774 1.0899347581163221e-05 170
1734269587911 7.612046748871327e-06 175
1734269634665 4.8943483704846475e-06 180
1734269680818 2.7630079602323442e-06 185
1734269726954 1.231165940486234e-06 190
1734269773306 3.0826662668720364e-07 195
1734269819466 0.0 200
