1734268015106 3.4475 5
1734268061287 2.7526 10
1734268107455 2.1764 15
1734268153643 1.9722 20
1734268199840 1.8262 25
1734268245989 1.6712 30
1734268292122 1.6343 35
1734268339734 1.8543 40
1734268386064 1.5574 45
1734268432208 1.5979 50
1734268478320 1.5678 55
1734268524464 1.5644 60
1734268570611 1.5617 65
1734268616734 1.5218 70
1734268663551 1.7372 75
1734268709699 1.5236 80
1734268755837 1.4929 85
1734268801968 1.5314 90
1734268848109 1.494 95
1734268894260 1.4917 100
1734268940381 1.4807 105
1734268987140 1.6555 110
1734269033285 1.4459 115
1734269079441 1.4623 120
1734269125586 1.4633 125
1734269171738 1.4733 130
1734269218055 1.4514 135
1734269264198 1.4303 140
1734269311028 1.7644 145
1734269357179 1.4263 150
1734269403335 1.4148 155
1734269449464 1.449 160
1734269495616 1.4073 165
1734269541774 1.422 170
1734269587911 1.4418 175
1734269634665 1.7035 180
1734269680818 1.4534 185
1734269726954 1.4281 190
1734269773306 1.4489 195
1734269819466 1.4165 200
