1734269945269 0.13961605584642234 5
1734269991434 0.2792321116928447 10
1734270037607 0.418848167539267 15
1734270083817 0.5584642233856894 20
1734270129987 0.6980802792321117 25
1734270176151 0.837696335078534 30
1734270222316 0.9773123909249564 35
1734270269088 1.1361256544502618 40
1734270315241 1.2757417102966842 45
1734270361397 1.4153577661431065 50
1734270407530 1.5549738219895288 55
1734270453855 1.6945898778359512 60
1734270500028 1.8342059336823735 65
1734270546189 1.9738219895287958 70
1734270592993 2.1326352530541013 75
1734270639165 2.2722513089005236 80
1734270685326 2.411867364746946 85
1734270731469 2.5514834205933683 90
1734270777620 2.6910994764397906 95
1734270823787 2.830715532286213 100
1734270869928 2.9703315881326353 105
1734270916721 3.1291448516579408 110
1734270962881 3.268760907504363 115
1734271009239 3.4083769633507854 120
1734271055405 3.5479930191972078 125
1734271101555 3.68760907504363 130
1734271147718 3.8272251308900525 135
1734271193869 3.966841186736475 140
1734271240650 4.12565445026178 145
1734271286841 4.265270506108203 150
1734271333006 4.4048865619546245 155
1734271379145 4.544502617801047 160
1734271425316 4.684118673647469 165
1734271471479 4.823734729493892 170
1734271517818 4.963350785340314 175
1734271564623 5.12216404886562 180
1734271610802 5.261780104712042 185
1734271656964 5.401396160558464 190
1734271703134 5.541012216404886 195
1734271749323 5.680628272251309 200
1734271750286 5.680628272251309 200
