1734269945269 0.8612110018730164 5
1734269991434 0.9228360056877136 10
1734270037607 0.9332492351531982 15
1734270083817 0.9063435196876526 20
1734270129987 0.8321095705032349 25
1734270176151 0.8930559754371643 30
1734270222316 0.8614864945411682 35
1734270269088 0.8923763036727905 40
1734270315241 0.9601655006408691 45
1734270361397 1.007003664970398 50
1734270407530 0.9546681642532349 55
1734270453855 0.9159435033798218 60
1734270500028 0.9668905735015869 65
1734270546189 0.9983802437782288 70
1734270592993 1.0385383367538452 75
1734270639165 1.146323561668396 80
1734270685326 1.3792442083358765 85
1734270731469 1.1490678787231445 90
1734270777620 1.1380245685577393 95
1734270823787 1.1093553304672241 100
1734270869928 1.1119142770767212 105
1734270916721 1.0713104009628296 110
1734270962881 1.183492660522461 115
1734271009239 1.353331446647644 120
1734271055405 1.2258063554763794 125
1734271101555 1.223990797996521 130
1734271147718 1.214028000831604 135
1734271193869 1.1658904552459717 140
1734271240650 1.307024359703064 145
1734271286841 1.213081955909729 150
1734271333006 1.3310130834579468 155
1734271379145 1.3256545066833496 160
1734271425316 1.2799551486968994 165
1734271471479 1.289954423904419 170
1734271517818 1.415616750717163 175
1734271564623 1.2825185060501099 180
1734271610802 1.2293301820755005 185
1734271656964 1.2223070859909058 190
1734271703134 1.3347172737121582 195
1734271749323 1.2511197328567505 200
