1734269945269 0.0001996917333733128 5
1734269991434 0.00019876883405951377 10
1734270037607 0.00019723699203976766 15
1734270083817 0.00019510565162951537 20
1734270129987 0.0001923879532511287 25
1734270176151 0.0001891006524188368 30
1734270222316 0.00018526401643540922 35
1734270269088 0.00018090169943749476 40
1734270315241 0.0001760405965600031 45
1734270361397 0.00017071067811865476 50
1734270407530 0.00016494480483301836 55
1734270453855 0.00015877852522924732 60
1734270500028 0.0001522498564715949 65
1734270546189 0.00014539904997395468 70
1734270592993 0.000138268343236509 75
1734270639165 0.00013090169943749476 80
1734270685326 0.00012334453638559057 85
1734270731469 0.0001156434465040231 90
1734270777620 0.0001078459095727845 95
1734270823787 0.0001 100
1734270869928 9.215409042721552e-05 105
1734270916721 8.435655349597689e-05 110
1734270962881 7.66554636144095e-05 115
1734271009239 6.909830056250527e-05 120
1734271055405 6.173165676349103e-05 125
1734271101555 5.4600950026045326e-05 130
1734271147718 4.7750143528405126e-05 135
1734271193869 4.12214747707527e-05 140
1734271240650 3.5055195166981645e-05 145
1734271286841 2.9289321881345254e-05 150
1734271333006 2.3959403439996907e-05 155
1734271379145 1.9098300562505266e-05 160
1734271425316 1.4735983564590783e-05 165
1734271471479 1.0899347581163221e-05 170
1734271517818 7.612046748871327e-06 175
1734271564623 4.8943483704846475e-06 180
1734271610802 2.7630079602323442e-06 185
1734271656964 1.231165940486234e-06 190
1734271703134 3.0826662668720364e-07 195
1734271749323 0.0 200
