1734269945269 1.452 5
1734269991434 1.3925 10
1734270037607 1.3967 15
1734270083817 1.4496 20
1734270129987 1.4495 25
1734270176151 1.3963 30
1734270222316 1.4034 35
1734270269088 1.5757 40
1734270315241 1.3514 45
1734270361397 1.3859 50
1734270407530 1.3628 55
1734270453855 1.3781 60
1734270500028 1.3781 65
1734270546189 1.3511 70
1734270592993 1.5167 75
1734270639165 1.3232 80
1734270685326 1.2975 85
1734270731469 1.3454 90
1734270777620 1.3142 95
1734270823787 1.3161 100
1734270869928 1.3119 105
1734270916721 1.4422 110
1734270962881 1.2464 115
1734271009239 1.2723 120
1734271055405 1.2785 125
1734271101555 1.2913 130
1734271147718 1.2744 135
1734271193869 1.26 140
1734271240650 1.5247 145
1734271286841 1.234 150
1734271333006 1.2228 155
1734271379145 1.2492 160
1734271425316 1.2276 165
1734271471479 1.2317 170
1734271517818 1.2539 175
1734271564623 1.4749 180
1734271610802 1.2515 185
1734271656964 1.2256 190
1734271703134 1.2429 195
1734271749323 1.2119 200
